L = 12
g = -1.0
J = 1.0
sample_size = 1000
t = 0.0

Entropy: 12.024302
Conditional Entropy: 12.044657
Mutual Information: -0.020355225